2023-05-08 15:42:29.069 [info] Log level: Info
2023-05-08 15:42:29.069 [info] Validating found git in: "git"
2023-05-08 15:42:29.069 [info] Using git "2.40.1" from "git"
2023-05-08 15:42:29.069 [info] > git rev-parse --show-toplevel [5ms]
2023-05-08 15:42:29.070 [info] > git rev-parse --git-dir --git-common-dir [7ms]
2023-05-08 15:42:29.084 [info] Open repository: /home/emmanuel/Documents/Code/todo-list
2023-05-08 15:42:29.106 [info] > git rev-parse --show-toplevel [10ms]
2023-05-08 15:42:29.123 [info] > git rev-parse --show-toplevel [12ms]
2023-05-08 15:42:29.124 [info] > git config --get commit.template [19ms]
2023-05-08 15:42:29.140 [info] No remotes found in the git config file.
2023-05-08 15:42:29.140 [info] > git for-each-ref --format=%(refname)%00%(upstream:short)%00%(objectname)%00%(upstream:track)%00%(upstream:remotename)%00%(upstream:remoteref) refs/heads/master refs/remotes/master [1ms]
2023-05-08 15:42:29.152 [info] > git status -z -uall [4ms]
2023-05-08 15:42:29.166 [info] > git config --get commit.template [2ms]
2023-05-08 15:42:29.173 [info] No remotes found in the git config file.
2023-05-08 15:42:29.174 [info] > git for-each-ref --format=%(refname)%00%(upstream:short)%00%(objectname)%00%(upstream:track)%00%(upstream:remotename)%00%(upstream:remoteref) refs/heads/master refs/remotes/master [1ms]
2023-05-08 15:42:29.184 [info] > git status -z -uall [2ms]
2023-05-08 15:42:29.718 [info] > git check-ignore -v -z --stdin [3ms]
2023-05-08 15:42:30.635 [info] > git show --textconv :main.js [18ms]
2023-05-08 15:42:30.646 [info] > git ls-files --stage -- /home/emmanuel/Documents/Code/todo-list/main.js [13ms]
2023-05-08 15:42:30.664 [info] > git cat-file -s d3c5b09ae7ca05f5f73cf01902344d0803eea54e [5ms]
